600519
601398
601857
601288
601988
601628
600036
000858
600028
601318
600900
601138
601088
000333
000568
601166
601658
002415
002594
600309
600809
600030
601816
601899
600276
603288
601668
601888
002475
000001
002352
601012
601319
601328
600000
002304
000651
601601
601998
603259
600406
601633
002142
600104
600887
600436
600048
600050
000063
601390
601766
600438
002714
601225
000725
600690
002371
600031
000002
601818
600019
600016
601985
600150
601800
002230
601688
600025
601919
600018
003816
603501
002493
601186
000625
601211
600760
002129
000166
600919
601728
600999
001979
000596
002027
000792
600346
601006
603993
600585
601066
002459
002050
601989
600989
601111
000776
600893
600011
601169
002466
601336
000538
600837
000617
601100
002736
601881
600009
600886
603195
600111
600547
002920
603799
000895
002179
601360
600845
603392
600029
601238
601229
600703
600089
600958
601600
000938
000708
002311
603659
002049
601689
601009
600570
601669
000100
600188
603369
600660
603260
601698
601898
600085
000977
600015
601618
600905
600941
002812
000963
601788
603986
000301
002460
000768
600600
600426
600372
603019
603806
600795
600196
600588
600674
000338
601901
600115
603833
601127
600023
600926
600039
601377
002271
600584
600741
601877
601727
600010
600745
601916
601865
600176
000661
601939
002938
601021
001965
603198
000876
600221
600233
002648
002241
600061
600938
601838
600522
601117
000807
601872
600489
002709
002001
002252
600702
600027
000999
600026
000157
601555
601699
601018
000733
600536
600606
600415
600256
000786
603486
600132
002180
600332
601808
600754
600236
601878
603605
002555
002463
002236
603345
002600
000800
002821
600460
603899
002410
603737
600482
002945
600362
601108
600161
601236
600732
002032
601799
000066
603939
600160
002916
600515
000987
600383
601991
000408
601607
601958
601995
600705
002080
601216
600219
002202
000783
601615
603885
600875
002602
600183
600765
601155
600487
000988
603290
600763
600885
603000
002064
603589
000983
002007
603596
002340
603816
601058
600779
600377
000629
601868
601077
000069
002074
601162
601966
000799
000630
600517
000728
600109
601298
000933
002603
000932
600157
603688
600862
002156
601696
603233
601233
600642
600004
601990
002294
002939
600177
000975
601099
601933
000027
603156
002430
600153
600118
600918
600418
600663
000423
002078
000425
002223
603868
601231
002384
600079
603444
600298
603882
002372
600378
600352
600563
600398
603893
600096
600350
002673
600968
600848
002422
002185
000723
603658
601880
603606
600369
603786
601198
603568
002120
603338
000883
600985
002152
600066
000738
002028
000831
002841
600871
002739
600655
002517
603185
603613
000009
601168
001872
000021
600546
605499
601456
600497
301269
000729
600486
002558
600348
600129
600977
002244
600390
601179
002056
600060
002797
002608
600637
002624
600872
002414
002368
601825
600909
600521
600583
600884
600803
002601
600095
600699
600998
600873
000960
600549
002044
002444
600021
000785
600518
002508
601158
603728
002625
002532
000703
600895
002738
002405
601928
002128
600170
002025
600704
600859
002299
002568
600141
002966
002926
600516
603160
000958
600559
002531
002472
600271
000709
600598
603456
601598
600988
603179
002429
600578
000898
000825
601636
002500
000959
600675
000519
603826
000878
600970
002008
600380
603517
600208
600166
601611
000591
603305
002465
600688
603298
600582
601399
600038
000683
600707
002240
002203
600143
601858
000750
603730
600325
601106
002268
600733
600863
002385
600566
600827
600258
600339
000537
600528
002153
000050
603077
000400
600100
600282
600739
603858
603129
002409
603087
600299
600392
600098
600008
601965
601212
601228
000818
000513
600329
600499
000060
601016
603712
600673
603707
002439
000893
600481
002865
002262
600483
002507
000921
002607
600879
000860
600685
603927
601567
002281
000998
601139
002756
601866
002557
002266
600498
600535
002423
600816
000951
601000
600933
000739
002261
000623
601098
000686
601997
002065
603228
002461
002138
600225
600007
600867
601992
002015
600839
002850
600399
000997
002389
600131
601118
002436
603979
000032
600820
600056
600562
002353
600801
002497
600416
002176
601949
000980
605358
600315
600612
600956
600388
600901
601828
600295
603039
601128
601519
601333
002229
002487
601019
000937
600155
000553
000155
002518
002456
000564
002747
603225
002092
600633
601717
600452
603027
600199
002407
002373
603650
002408
600511
601666
000539
002761
600764
601608
000567
002506
000563
000031
002195
600297
603997
600266
000887
600959
000627
603279
600500
600057
603127
600737
002867
000039
600808
002683
605117
600641
002595
601577
002432
000810
600363
600580
000636
001914
600062
600373
301236
600072
600022
603866
603218
601952
600116
002468
603883
603599
000028
000688
002670
000516
000778
600338
002318
601882
603056
600529
002024
000598
601900
002698
600777
600967
603317
600711
600755
000762
600761
601326
601222
600312
603379
000967
600316
000877
600456
002643
002192
600126
603678
601375
002936
002906
601801
002484
000761
002541
601975
600601
600435
603638
600167
600771
002544
603888
603477
002273
000402
000065
601001
603733
603355
600323
603876
603033
603236
600597
000559
600667
603505
600395
603713
000830
000547
002010
601512
002051
000543
603267
002155
002958
603515
000089
603043
603588
000869
002399
002705
600446
601677
600120
601369
000970
000690
600657
000581
603083
002837
000415
600602
603005
601005
601969
601068
002041
000034
603025
605589
601869
000935
600782
002511
000930
601778
002847
002925
002335
600621
600864
002030
002320
002131
002617
000156
600572
002145
600729
002183
002851
002085
601568
600328
600428