600519
601398
601857
601288
601988
601628
600036
000858
600028
601318
600900
601088
601138
000333
000568
601166
601658
002415
002594
600309
600809
600030
600276
601816
601899
603288
601668
601888
002475
002352
000001
601328
601319
601012
600000
002304
000651
601601
601998
603259
600406
601633
002142
600104
600887
600436
600048
601390
601766
000063
600050
002714
601225
000725
600690
600438
002371
600031
000002
600150
601818
600019
600016
601800
601985
002230
601919
600025
600018
603501
003816
601688
000625
601186
002493
600760
601211
002129
000166
601728
600999
600919
000596
001979
603993
601006
002027
600346
600585
000792
601989
002459
600989
601111
601066
002050
600893
600011
601169
002466
000776
601100
000538
601336
000617
600837
600009
600886
603195
600111
601881
600547
002179
000895
600029
603392
002920
002736
601360
600845
603799
601229
601238
600703
000708
601600
600089
002311
600958
002049
603659
000938
601689
601009
600570
000100
600188
601669
603369
603986
600660
603260
601898
601698
601618
600905
600015
000963
002812
600941
002460
601788
600426
000301
000768
000977
600085
600372
600600
600795
600023
000338
600196
603019
600588
600674
601127
600115
603833
600926
603806
600039
601727
600741
002271
600010
601377
601877
600584
600176
600745
601901
601916
601021
000661
002938
601939
601865
001965
000876
603198
600221
600522
002648
600233
002241
600938
601838
000807
601872
600489
601117
600061
002709
002001
600702
000157
600027
600026
002252
601699
000999
000733
601018
600256
600606
002180
000786
601808
600415
600536
601555
600236
603486
600754
600482
600332
002555
603605
600132
603345
600460
601799
002463
000800
002236
601878
002410
002600
600362
603737
603899
002821
600161
002945
002032
600732
601108
601236
603885
002916
000066
600160
601991
603939
600515
002080
600219
601607
600383
002202
600875
600765
601615
601216
601958
000987
600183
600487
000408
601995
000988
002602
603290
002064
601155
600885
000783
000983
603816
600763
601933
603589
603596
600779
600705
002007
603000
002340
600377
000629
601966
000933
601868
601298
000630
000932
601058
000069
601077
002294
600157
002074
600862
002156
600642
603688
000799
600004
002430
601233
600517
603156
002603
000425
601162
002078
603233
000027
600177
000975
600418
600153
000728
603606
600118
600398
600968
600663
002384
601990
601231
601696
600378
600096
603868
600298
000423
603786
002223
600350
603882
603444
600918
600352
002939
600079
600109
000723
603658
002372
002422
603338
600848
603893
601880
600066
002185
603568
001872
601099
000883
600985
002673
600563
000738
601198
600871
600369
000831
002120
002841
000021
002739
600655
601168
600497
002028
002244
600546
301269
000009
605499
002152
600348
603613
603185
600486
002558
601179
002517
600060
002608
000729
002056
600977
002414
002601
600803
000785
600583
600390
002624
600872
600637
600873
600129
002368
600884
600518
600521
002508
600549
601825
600021
002532
002044
002025
600895
002625
000703
002797
601158
600998
002444
002128
600170
002738
600909
603728
600704
600141
601928
002405
600516
002299
000960
002568
600699
600095
000709
601456
600598
002531
002966
000898
601598
600859
600988
600578
600559
600166
000825
000958
600271
603160
000959
601636
600675
603179
002429
000878
002926
000519
603826
603456
002472
600970
002008
000683
600208
600582
601611
002203
603517
600688
603298
600733
603305
601399
002500
000591
600380
600038
002465
600143
601106
600707
002240
600325
601858
600863
002385
600258
000537
600528
600339
600566
603730
603087
603077
601212
600282
603129
000050
000750
600827
000400
601965
601228
002268
600299
600098
002409
600392
600008
600739
000060
002153
603858
603712
600499
600100
000921
601016
000893
000818
601000
000513
600685
600673
601567
600329
603707
600481
002507
600483
002439
600879
000998
601139
002607
002261
000951
002266
000860
601866
002865
600933
002756
002281
002557
002436
000739
600816
002262
600131
002138
600225
600535
600399
002015
601992
600007
002850
601997
600498
002389
002461
601098
603927
000623
603979
601118
600867
603228
600820
002065
000980
600839
002423
000564
600612
002176
000686
600315
600801
600562
600388
600956
600056
002353
600295
605358
002497
600416
601949
601828
601333
000553
603039
000032
000937
600901
002487
601128
600452
000997
000155
002456
002092
002518
601717
000539
002407
002761
603027
601666
603225
601019
002747
002408
600297
600199
603650
600633
600500
601519
002506
002229
600764
601608
600511
603997
000031
002867
603279
002373
000567
000887
600057
600155
002683
600959
600641
600808
002195
605117
603127
600737
000563
000636
002595
603218
001914
600072
603056
000039
600116
000810
002432
002468
603866
600062
002024
601952
603599
002318
600022
600580
000688
600338
600266
600373
000778
601577
000516
000598
600529
301236
603317
601326
603883
600761
601900
600967
600777
600456
000028
600363
002643
600711
000967
600316
002541
603379
000761
000877
601882
601222
000762
600126
600755
002906
603678
601975
000543
603638
600435
603888
002192
600167
000627
603876
601801
002936
002484
603477
603733
601375
601001
603515
600312
603355
000559
603033
002544
002273
000402
002670
000830
600323
002698
002010
603713
600395
600597
600771
601512
600667
000547
603236
603505
000065
603588
002051
000089
002155
002705
000869
000690
000581
002958
603043
002399
600601
601677
002847
603267
000970
603005
601005
600657
601369
601969
002041
603025
600120
600729
605589
002511
600595
603083
601068
600782
002131
002925
002320
002085
601869
000935
000930
601778
002617
603100
002145
000415
002030
600602
000034
002183
002837
002335
600548
600428
601568
600572
000156
600328
000410