600519
601857
601398
601288
601988
601628
600036
000858
600028
601318
600900
601088
601138
000333
000568
601166
601658
002415
002594
600309
600809
600030
601816
601899
600276
603288
601668
002475
601888
002352
000001
601012
601319
601328
600000
002304
603259
000651
601601
601998
600406
002142
600436
600104
600887
601633
600048
600050
601225
601390
600438
002714
601766
600690
000725
002371
000063
000002
601818
600016
600019
601985
600031
002230
600150
601800
600025
601919
601688
600018
003816
603501
002493
600760
601186
601211
601728
002129
600919
000625
600999
000166
000596
601006
600346
002027
603993
001979
000792
601111
002050
601066
600989
600585
002459
601989
000538
600011
600893
000776
601169
002466
600837
600009
000617
603195
600886
601336
601100
600547
600111
601881
600029
002179
000895
002736
600845
603799
601229
600703
002920
601238
600089
603392
600958
601360
601600
600188
002311
000708
600085
601689
601009
603659
002049
000938
601898
601669
600570
600660
600941
603369
603260
600015
002812
601788
601698
600905
000100
601618
000963
000768
000301
603986
002460
600426
600600
000977
600372
600674
600795
600588
600115
603806
601901
600196
600926
000338
600023
600039
601377
601021
600741
601127
603019
603833
601865
601727
600010
600745
002271
601916
601877
600176
601939
600584
001965
603198
000661
600221
000876
600938
600233
002938
601838
600489
000999
002241
600061
002648
601872
002709
000807
600522
002001
601117
002252
600026
601699
600027
000157
000733
601018
600256
600702
601808
601555
600160
600415
600536
002180
600332
600606
600236
000786
603345
002945
600754
603605
002555
601878
600132
002821
601236
603486
600460
002600
603899
000800
603737
002463
600362
600161
601799
002236
002032
601108
600482
603885
002410
603939
601958
600732
601995
600515
002602
000408
000066
002916
601607
600219
000987
600383
002202
601216
601991
600885
000783
601615
600765
600378
002080
600875
600183
603589
002064
600487
601058
600377
603290
002007
600763
601155
600705
603596
000983
002340
601966
603816
603688
601077
600004
000629
601868
002603
000988
600779
601298
000933
601233
000975
000423
000069
000728
000630
600862
002074
600157
603786
603868
600109
601696
601099
601162
603233
601990
000723
603000
603156
000799
000932
600642
600177
600079
603444
601231
002939
002430
002078
000027
600918
600663
600153
600352
600118
600096
600350
002223
601933
600968
600298
000831
002156
002294
002028
002422
000425
002372
600517
601880
600418
600546
600398
002673
603893
600563
600848
603568
600985
002120
601198
603658
000738
002739
002185
603882
000883
600977
002152
600655
600871
605499
603613
603338
601168
002384
600486
600369
600066
603606
002517
001872
600348
002841
000009
600497
603185
002558
000703
301269
000021
002056
600060
000729
600637
600390
601825
002244
600518
600872
601179
600998
600521
600803
002797
600129
600873
600583
600549
002044
002414
002624
601456
002608
002601
601928
002368
002025
600095
601158
600021
600909
603179
600884
002738
603728
002128
002532
002405
002625
603456
002299
000785
002508
600704
002966
600141
600170
600988
600598
002926
000960
600699
002444
603160
600516
600859
002568
002531
600271
603826
601598
000958
600895
600675
000709
002472
000519
000898
000825
000959
600578
002008
603730
600688
002500
600559
603298
600038
000878
002203
601611
600970
600566
603517
601636
002465
000591
600582
600166
601399
600325
002429
600208
603129
600863
000683
002385
600258
603087
002240
002268
603305
600143
000893
601106
002262
000537
600329
600282
000750
600380
603077
000050
000818
600739
002153
601858
600392
600707
600339
600299
601212
601228
601965
603707
600733
600098
600008
002409
000400
600827
002439
600528
600499
600100
601016
603712
600481
600673
601567
600483
603858
000921
601000
002507
600685
000739
002607
000060
000998
600933
601866
601098
603979
601139
002266
002557
002138
600056
000513
002756
600879
601997
600535
002865
002850
002281
002065
000564
600007
000860
603927
002461
002389
600867
000686
000623
600816
601118
002423
000951
601992
600498
002015
600562
600820
603225
603228
002436
600612
600901
000997
600416
600131
600839
600315
601128
600956
002176
600801
601949
002353
601019
000937
600225
603039
002497
600295
600388
601333
000980
605358
002092
000155
000032
600399
002487
601828
600511
002518
000553
603379
600155
000539
000567
601666
601717
002408
002456
603650
600633
603027
002261
600737
603599
002506
002373
002867
601608
600199
601519
603279
002432
000031
002407
603127
002747
600764
002595
000039
002195
600452
600500
600057
603997
600062
600959
601952
000563
600529
601577
600297
001914
002229
000887
601975
002761
600777
600373
002468
600266
600808
603866
603883
002670
603218
000636
002318
301236
603056
601900
600116
000688
600072
000516
601375
600022
000598
000810
000778
600363
002024
600580
000028
002643
002683
000627
002698
600338
600967
603317
600316
600456
600435
600312
600641
600711
601882
603678
600755
605117
000034
000967
603355
000762
002544
601801
600761
601326
600126
601222
000877
603876
600771
002936
002192
002906
603033
600323
000065
601001
600167
600597
603588
000547
000402
600601
000089
000830
000761
002541
002273
000415
603505
603733
002399
603638
000543
002010
603477
002155
000559
603888
603043
600657
002958
601512
603025
603713
000869
002051
600667
603515
601677
000690
000970
002705
002030
002484
600120
600602
002221
601369
000581
002847
601005
002837
002041
601969
002511
600395
002320
600996
603267
002126
000930
000156
605589
000935
603236
600572
601568
601068
600446
002832
000902
002145
600548
601778
600782
002335
600729
002617
603005
002737
002183
000712
000426
002131