600519
601857
601398
601288
601988
601628
600036
000858
600028
601318
600900
601088
601138
000333
000568
601166
601658
002415
002594
600309
600809
600030
601816
601899
600276
603288
601668
002475
601888
000001
002352
601012
601319
601328
600000
002304
603259
000651
601601
601998
600406
002142
600436
600887
600104
601633
600050
600048
601390
601225
600438
601766
002714
600690
000725
002371
000063
000002
601818
600016
600019
601985
600031
002230
601800
600150
600025
601919
601688
600018
003816
603501
002493
601186
600760
601728
601211
002129
600999
000625
600919
000166
000596
601006
600346
000792
603993
002027
601111
001979
002050
601066
600585
600989
002459
601989
600893
000538
600011
000776
601169
002466
600837
600009
601336
000617
603195
600886
601100
600111
600029
600547
601881
002179
600845
000895
002736
603799
002920
601229
600703
601360
603392
600089
601238
600958
601600
600188
002311
000708
601689
600085
601009
603659
000938
002049
600570
601669
601898
600941
600660
603369
603260
601698
600015
002812
601788
000100
600905
601618
000963
000977
000768
002460
000301
603986
600426
600600
600372
600674
600588
600795
600115
603806
600196
600039
601901
600926
600023
000338
601377
603019
601865
601021
600741
603833
601127
601727
600010
600745
601877
601916
600176
600584
002271
601939
001965
603198
000661
600221
000876
002938
600938
600233
601838
600489
000999
002241
002648
002709
601872
600061
000807
601117
600522
002001
002252
600026
601699
600027
000157
000733
600702
601555
601018
601808
600256
600536
600160
600415
002180
600332
600606
002555
002945
600236
000786
603345
600754
601878
600132
002821
603605
603486
601236
002600
600460
603899
000800
603737
600362
002463
601799
600161
002236
600482
601108
002410
002032
603885
601958
603939
600732
601995
000066
002602
600515
002916
000408
601607
000987
600219
002202
601615
601216
601991
600383
000783
600885
600765
002080
600183
600875
603589
600487
002064
600763
601058
002007
600377
600378
603596
603290
600705
002340
601966
601155
000983
600004
000988
601868
603816
002603
601077
000629
600779
603688
000975
601298
000423
000933
002074
000728
000630
000069
601233
600862
603000
603868
600157
603786
601696
600109
601990
000799
601162
600079
603156
600177
601099
603233
603444
000932
600642
000723
600118
601231
002939
002430
002078
600918
000027
002223
600096
600153
600663
601933
600352
600968
002156
600350
000831
002294
600298
002422
002028
600517
002372
600418
601880
000425
600563
603893
603568
002673
002384
600546
002185
600985
002120
600848
600398
002739
603658
601198
000738
600977
603882
000883
002152
600871
603613
605499
600655
601168
600369
600486
603338
600066
002517
603606
600348
001872
002558
000009
603185
301269
002841
000021
600497
002056
600060
000703
600637
000729
601179
600129
600518
601825
600872
600998
600390
002368
600521
002624
002414
600803
002797
002244
002044
600873
600583
600549
601456
600095
601928
002601
002608
603728
600909
601158
600884
002738
603179
600021
002532
002025
002625
002405
002128
603456
002508
002299
000785
002966
600704
600988
600141
600170
603160
600699
002444
002926
000960
600598
600516
600859
002568
600271
002531
002472
603826
601598
600895
000958
000709
600675
000898
000825
000519
603298
002500
000959
002008
600559
600578
600688
002429
000878
603730
600038
002465
601611
000591
600582
600970
002203
601636
600566
603517
601399
600325
600166
603129
603087
600258
002268
002240
002385
600208
600143
000893
002262
600863
000683
601106
000537
603305
600329
603077
600707
000818
600282
600380
600339
002153
601858
000750
000050
600392
600739
603707
002409
600098
601965
601212
600733
601228
600008
600299
002439
000400
600100
600528
600827
601016
600499
603712
600483
600481
601567
600673
601000
603858
002507
600685
000921
000739
000060
002607
600933
601866
601139
000998
601098
603979
002850
002266
600056
600879
002756
600535
002557
002281
002065
603927
000513
002138
002865
601997
000860
002461
600007
002389
600867
000623
000686
600498
601118
000951
601992
600816
002423
002436
002015
600562
603228
000997
000564
600820
600416
600612
600839
603225
600901
002176
600131
600315
600956
601128
601019
601949
600225
000032
002497
600801
000937
605358
603039
600295
601333
002092
002518
600388
601828
000155
603379
002487
002353
600511
000553
600399
600155
601717
601666
002456
600633
000980
002408
000567
603650
002261
000539
600737
002373
002506
603027
601519
603127
002867
002407
603279
601608
600199
002432
603599
600764
002747
000031
002595
002195
600500
600959
000039
600057
603997
600452
600062
601952
002229
600529
600297
000887
601975
601577
600777
000563
002761
600373
001914
301236
002318
601900
002670
002468
603883
000636
600808
603866
600072
603218
600116
000688
603056
000516
000810
600363
600022
000598
002698
600580
002643
000028
000778
002024
601882
000627
002683
600316
600312
605117
603317
600266
600338
600967
603678
600435
600711
600641
600456
000034
601801
603355
002544
000967
600755
600771
601326
000762
000065
600761
601222
600126
000877
002906
002192
601375
603876
600601
002936
600323
603033
603588
000547
600167
600597
601001
002273
603505
000830
000402
000089
603888
000761
002399
002541
000415
603477
002010
000559
603733
002155
000543
603638
603043
002051
600602
603515
000869
603025
002958
600667
603713
601677
002484
601512
002705
000970
000690
002030
002837
600120
002221
601369
002847
002126
000581
601005
603267
002511
002041
000156
600446
601969
000935
002320
000930
600395
600657
605589
600572
603236
601068
600729
002737
002131
603005
600548
601568
002145
601778
002617
002832
002335
000426
002183
600782
600996
600621
002925