600519
601398
601857
601288
601988
601628
600036
000858
600028
601318
600900
601138
601088
000333
000568
601166
601658
002415
002594
600309
600809
600030
601816
601899
603288
600276
601668
002475
601888
002352
000001
601012
601319
601328
600000
002304
000651
601601
601998
600406
603259
601633
002142
600104
600436
600887
600048
600050
601766
601390
600438
002714
601225
000725
000063
600690
002371
600031
601818
000002
601985
600016
600019
002230
601800
600150
601688
600025
601919
603501
600018
003816
002493
601186
000625
600760
601211
002129
600919
601728
000166
600999
002027
000596
601006
001979
603993
600346
002050
000792
601066
600585
002459
600011
601989
600989
601111
600893
000776
601169
002466
000538
600837
601100
601336
000617
600886
600111
002920
603195
600547
600009
002736
601881
600845
000895
002179
603799
601360
600029
601238
601229
600703
603392
600089
601600
601689
000938
000708
002311
600958
002049
603659
601009
600570
600188
601669
600085
000100
600660
601898
603369
603260
000977
601698
600905
600015
600941
601618
002812
601788
603986
000768
002460
000301
600600
000963
600372
600426
600795
603019
600674
603806
600588
000338
601901
600023
600115
600196
601127
600039
600926
600741
603833
601377
601865
600584
600745
601727
002271
601877
600010
600176
601916
601939
002938
601021
000661
001965
000876
603198
600221
600233
002648
601838
600938
002241
600489
000807
600061
600522
002709
601117
601872
600027
002001
000999
002252
600026
000157
601699
600702
600415
000733
600536
601018
601555
002555
600256
000786
002180
600606
601808
600754
600236
002463
600132
603486
002236
603605
601878
002600
600332
603345
000800
603899
600460
002821
601799
002410
600362
603737
600482
002945
601236
002032
601108
601995
000066
600160
600161
603939
600732
002916
601958
600515
002602
000408
000987
601991
000988
002080
600219
002202
600183
603885
601216
601607
000783
600765
601615
600487
600875
603290
600383
603596
600705
600885
603000
601058
002064
603589
601155
000983
601966
002340
002007
600763
600377
603816
000629
600779
601868
000728
601077
002074
002156
000630
600862
000423
601298
000069
600109
000933
000975
600157
000799
601162
600642
603688
601233
603444
600004
601990
601696
002939
601231
603786
000932
600177
600418
603156
000027
603233
002430
600918
002384
600118
000425
002603
601933
603868
600663
600079
600378
002739
600517
002078
600153
601099
002223
002372
600352
600298
600563
000831
600096
002185
600350
002294
000723
600968
002673
600398
002120
601880
601198
603893
002517
600369
000883
600848
600066
603606
603568
002028
603882
600977
603658
600985
600871
000738
603338
002422
002152
601168
000021
002841
600655
600546
002558
001872
603185
600060
605499
600486
000009
600497
603613
301269
600348
000729
002056
600129
601179
600637
002624
600095
002608
600390
601928
600872
002797
002368
601456
600583
600699
002244
002414
601825
600549
600803
603728
600884
600521
002601
600909
600021
002444
600873
600518
600998
000703
002044
000960
601158
000785
002625
002738
002128
002508
002532
002405
002299
002025
600170
603160
002568
600859
600704
002966
603179
600141
600895
600598
002926
600516
600271
002472
002531
600988
002429
600578
000958
000709
601598
600166
600559
603305
000898
603456
603826
000825
002500
000959
601858
002008
603730
000519
603298
000878
601636
601611
603517
600675
000591
600970
002465
600707
600688
601399
600582
002203
603129
600038
600208
000683
002385
002240
002268
600258
600863
601106
600143
600733
002409
000537
000050
000750
600392
000818
002153
600100
603077
000400
600339
601965
600827
600325
002281
601212
600282
600098
600299
600566
600528
600008
600739
601228
600329
600380
603087
600499
601016
002439
600673
000060
000893
600481
603712
002262
600483
000921
002865
601567
601139
002507
601098
600933
000998
603858
002607
603707
600685
600879
603927
000951
002266
002756
000860
601866
603228
600498
601000
000686
601949
601997
002065
002138
002461
002436
002557
000564
002423
600416
600816
002261
000997
002850
002015
600839
600007
601118
002389
000623
603979
600225
000739
601992
600131
000032
600820
600562
600535
000513
603039
002353
600612
000980
600056
601019
002176
600801
600956
600867
600315
605358
600901
002456
600633
002497
601333
600155
600388
600452
002487
601128
600295
000155
002229
601828
002518
603225
000937
000553
002747
000539
002092
601717
600399
603997
002373
600199
603279
601900
000567
603027
600764
603650
000887
002408
601666
002867
601608
600959
002506
002761
601519
600737
002195
600511
000031
002407
600373
600297
600500
002670
600057
000563
601952
002595
002432
000039
600363
601577
600808
000810
603127
000636
001914
301236
002468
601801
002683
600580
600116
603218
600641
000688
000627
603866
600072
600062
603883
600022
002698
603599
002024
600777
002318
603355
601882
605117
600312
603056
000598
600761
600338
000778
000028
600529
600266
002906
600967
603379
600316
000516
600711
603317
600126
600601
603888
002643
000967
601222
601326
603678
601375
600456
002544
000762
000877
600755
002192
002936
000543
002273
600435
603638
603477
000761
601975
600167
603033
600323
000559
000065
600602
000034
600597
601001
002541
000402
600395
000547
600667
603876
603505
000415
600771
603236
002155
603733
000690
000089
603588
002010
603713
000830
002051
002958
601512
000970
603043
002484
002837
603083
000869
002705
603515
002399
603005
600120
603025
000581
002041
603267
601677
601369
000156
002126
002335
002925
000930
601869
600657
601969
601005
002847
600864
600446
002511
002085
002131
600621
002617
000935
601068
002030
600595
605589
600729
002832
600782
002320
601778
002145
601568
603063
002183