600519
601857
601398
601288
601988
601628
600036
000858
600028
601318
600900
601088
601138
000333
000568
601166
601658
002415
600309
002594
600809
600030
601816
600276
601899
601668
603288
002475
601888
002352
000001
601012
601319
601328
600000
002304
603259
000651
601601
601998
600406
002142
600436
600887
600104
600048
600050
601633
601390
601225
600438
002714
601766
000725
000063
600690
002371
601818
000002
601985
600016
600019
002230
600031
601800
600150
600025
601688
601919
003816
600018
600760
601186
603501
601728
002493
601211
002129
600919
600999
000166
000596
601006
002027
000625
001979
600346
603993
601111
000792
002050
600585
600989
601066
600011
002459
601989
600893
000538
000776
601169
600837
002466
603195
600886
600009
000617
601336
002736
600547
002179
600029
601100
600845
600111
000895
601881
603799
600703
601360
601229
002920
600089
601600
601238
600958
002311
000708
600085
603392
600188
000938
601689
601009
603659
601669
600941
002049
601898
600570
600660
000100
603369
603260
601698
600015
000963
600905
002812
601788
601618
000768
600426
000977
603986
600372
600600
000301
600674
600588
002460
600795
600023
600115
600196
600039
601901
000338
600926
603806
603019
601377
601021
600741
601727
603833
600010
600176
601865
002271
601127
600584
001965
601916
600745
601939
601877
000661
603198
600221
000876
600938
600233
600489
000999
002938
601838
601872
600061
002709
000807
002648
601117
600522
002001
002241
002252
600026
601699
600027
600536
000157
000733
601555
600415
601018
600256
600160
601808
600702
002555
600332
002180
600754
000786
600236
603345
002945
600606
603605
601878
002821
600132
603486
002600
603737
600482
002463
002236
600161
002410
603899
000800
600362
601236
600460
002032
601799
601108
603885
603939
002602
601958
000066
600515
000408
600732
002916
601607
601991
600765
002202
600219
601995
601216
601615
000987
000783
600383
002064
600885
600875
600378
002080
600487
600183
601058
603000
603589
600377
603290
002007
600763
603688
600705
601966
000423
002340
000983
000988
603816
601155
603596
000975
000630
601298
601868
600004
000629
000933
601077
603233
002603
600862
600157
000069
600779
601233
000728
601099
603156
600079
000932
600642
603868
002223
000723
002074
601990
600109
601231
600177
601162
002422
603444
601696
002078
603786
600118
002939
000799
000027
002430
600352
002294
600350
601933
600663
600968
600153
600918
600096
002156
600298
002372
600517
000425
600398
601880
000831
002028
002517
600546
603882
000738
603893
600848
600985
600563
603338
603568
002739
002673
603658
600871
000883
600655
002120
600977
002558
002152
002185
603606
601198
600066
601168
600486
002384
301269
600418
603613
600369
605499
001872
600129
002368
000009
600348
002841
000703
600497
000021
600637
601456
002056
600060
600998
603728
000729
601179
601928
002244
600518
600583
600521
603185
002624
002044
002414
601825
002608
600872
600390
002797
600803
600873
002025
002601
600021
600095
600549
601158
002405
603179
002128
002532
600909
002738
000785
002625
002444
603160
600988
002508
603456
002299
600170
600704
600884
600859
600598
601598
600141
002568
600566
002966
600271
600516
600699
002531
002926
000960
603826
000709
600675
603730
002472
000958
600578
600970
000825
000959
600895
000898
002008
000519
600688
600038
002203
600582
002500
002429
600559
000878
603298
601611
600166
600258
601399
601636
603517
002465
600863
600329
002385
000591
603087
600325
002262
002153
000683
002268
600208
000537
002240
603129
000893
601858
603305
601106
600707
600143
600339
600380
600282
000818
601228
603077
000050
000750
600299
600739
600392
600098
603707
002439
600100
601212
000400
600733
600008
600827
002409
601567
600528
601000
600499
601016
603712
600483
601965
603858
600673
600685
000921
002607
000513
002507
601098
603927
600481
000739
000060
000998
601866
601139
603979
600933
600056
002065
002557
600535
600879
600007
600867
002281
002266
002865
002138
002756
601997
002389
002461
002850
000860
000564
000032
600498
600416
002015
601992
000686
000623
600816
600131
002436
600633
601118
600612
600820
002423
603228
600562
000951
000997
600839
600901
601949
603225
601019
600315
601128
600801
600956
601333
002261
603039
600225
603379
000539
000937
600295
600511
002229
002092
600388
002353
600399
002487
002176
002497
000155
002518
000553
601828
002408
000567
601666
002456
002373
600155
002506
601519
601717
600764
000980
603650
603027
601608
002747
600959
002867
600737
605358
002195
603599
000031
600373
000039
600199
600500
002407
603279
603997
601900
002595
600062
600057
002432
603127
600297
601952
600529
001914
600452
601577
600808
301236
601975
603883
600072
002468
002761
000563
002318
603218
000034
000810
603866
000516
603056
600777
000887
000598
600022
600116
000636
000028
601801
002670
000778
600266
600580
002024
600363
000688
600435
002643
000065
601882
603888
000627
600967
002698
600316
600312
002544
600338
603317
601326
601375
000967
600641
600761
603678
002683
600755
600126
600711
603355
600771
600456
000877
000762
600323
601222
603505
002192
000543
605117
603033
603477
002936
600167
600602
600601
000830
002051
603588
603876
600597
000089
601001
000761
002906
000547
000415
002221
002399
000402
603638
002541
002155
000559
600667
603733
000690
000869
002010
002273
603713
603043
603515
601512
000970
002958
002705
603025
600120
601677
600657
002837
002484
601005
601369
002030
000581
002847
000156
600572
002511
601969
600446
600996
002041
002320
600395
002126
601068
600729
600548
002737
603267
600782
002832
000930
002335
605589
000902
000935
601778
002617
601568
601869
002183
002131
603236
000426
603005
002145