600519
601398
601857
601288
601988
601628
600036
000858
600028
601318
600900
601088
601138
000333
000568
601166
601658
002415
002594
600309
600030
600809
601816
601899
603288
600276
601668
002475
601888
000001
002352
601012
601319
600000
601328
002304
000651
601601
601998
603259
600406
002142
601633
600104
600436
600887
600048
600050
601390
601766
600438
601225
002714
600690
000725
000063
002371
601818
000002
600016
600031
600019
601985
002230
601800
601688
600150
600025
601919
600018
603501
003816
601186
002493
601211
600760
000625
000166
600999
002129
600919
601728
000596
601006
603993
002027
600346
000792
001979
601066
002050
600585
600989
002459
601111
600893
601989
000776
600011
000538
601169
002466
600837
601336
000617
601100
600547
600111
600886
603195
002736
600009
601881
000895
603799
002179
600845
600029
601229
601238
002920
603392
601360
600958
601600
600089
600703
002311
000708
601689
601009
002049
000938
603659
600085
600188
600570
601669
600660
603369
601898
603260
600015
000100
601788
600941
601698
600905
002812
601618
000963
000768
000301
600600
000977
603986
600426
002460
600372
600674
600588
600795
601901
000338
603806
600115
600926
600196
600039
600023
603019
601377
603833
600741
601127
601727
600010
601865
002271
600176
600745
601916
601877
600584
601939
601021
002938
000661
001965
603198
000876
600221
600233
002648
601838
600489
600938
600061
002241
000807
000999
002709
601117
601872
600522
002001
002252
600027
000157
601699
600026
600702
601555
601018
600415
000733
600536
600160
600256
002180
601808
601878
600606
000786
600132
600332
600236
600754
603345
603605
603486
002555
002821
601236
002600
600460
603899
000800
603737
002236
600362
601799
600161
002945
002410
601108
002463
002032
600482
601995
603939
000066
600732
002916
000408
600515
000987
601958
002602
601607
600219
002202
002080
603885
601991
000783
601615
601216
600383
600885
002064
600875
600765
600183
600705
600763
600487
603596
603589
601058
002007
603290
600378
601966
002340
601155
603816
600377
000983
000988
600779
601077
000423
600862
601868
000629
000975
603000
000933
000630
002074
000728
601298
601696
000069
002603
600109
601233
000799
601990
600157
603233
603786
600079
600004
601162
603156
000932
600177
603688
002939
600642
002430
600918
603868
603444
600118
601231
000027
000723
600352
002156
000425
600663
002223
600096
601933
002078
600153
002384
600517
000831
600418
002294
002372
600298
600563
002422
600350
002028
603893
603882
600398
601099
601880
002673
600968
601198
603568
002739
600848
002185
603613
002120
603658
000883
600985
002152
600369
000738
600546
600066
601168
600655
600871
600486
603606
600977
603338
605499
600060
002841
001872
000009
603185
600497
000021
600129
600348
002558
301269
600390
002056
601179
600637
600872
000729
002517
600998
000703
002797
600521
002368
601825
600803
600095
600549
002414
002601
600583
002244
002608
600873
002624
601456
600518
600884
603179
002044
002625
600909
601928
601158
600021
000785
002532
002405
002738
002025
600988
002444
000960
600699
002128
002299
600170
002966
002508
600704
600141
603728
603456
603160
002568
600598
600859
600271
600516
600895
002926
002531
600559
603826
601598
000709
000958
002429
000898
000825
600578
603730
000959
002472
600675
002500
000519
600166
603517
002008
000878
601611
600038
601636
603305
000591
603298
600970
002465
600688
601399
600582
002203
000683
002240
002385
002268
600863
603129
600208
600143
002262
600325
600258
601106
601965
600566
000537
600707
600392
601858
603077
000750
600282
601212
000818
000050
600733
002153
600380
600329
603087
000400
000893
002409
600739
600339
600100
600827
600098
603858
600008
600528
600299
002439
601228
600499
603707
000921
601016
600673
601567
002507
000060
600481
603712
600685
600933
600483
601139
000998
002607
000860
601000
601098
603979
603927
002865
002266
002756
000739
600879
002850
601997
601866
002281
002557
002461
002423
000513
000686
002065
600056
000951
000623
600535
600867
601118
002138
600007
600816
601992
002389
002436
000997
600839
002015
600498
603228
600612
600562
600820
600901
603379
600416
002353
000980
002176
600131
601019
600225
600801
002261
600315
000032
601128
000564
002497
601949
600956
605358
603039
600295
601333
000155
600388
000937
603225
002092
601828
600155
002487
002867
002518
600452
000553
002456
000539
000567
601717
600199
600399
600511
603650
603127
600633
603027
002408
601666
002747
002506
600737
601519
002407
603279
002373
601608
002195
603997
600959
002229
000031
002432
002761
600500
000887
600764
000563
600057
601577
601952
600297
002595
000039
600062
002670
600373
600808
603599
600529
603866
603883
002468
001914
301236
000810
600777
600266
600116
000688
603218
000516
601900
002683
600022
600072
002318
000778
000636
603056
600580
000627
000598
600363
600338
002024
002643
600641
601882
000028
603355
603317
002698
600711
600967
600316
600312
600456
601801
600755
600126
000877
603505
000967
603678
002544
000034
002192
000762
600761
601326
601222
002936
601375
605117
002906
600601
600771
603876
601975
600435
000065
603033
600323
000761
002273
002541
603477
000415
600597
603888
600167
601001
000559
002155
000547
603588
000402
000830
603733
603638
000089
002399
600395
000543
002010
002051
000869
002958
002705
601677
603713
603043
000690
000970
603515
601512
002484
600120
603267
002126
603025
601005
601369
000581
600667
002837
002041
000156
601969
002511
002847
000930
002030
603236
600602
605589
601068
000712
600446
603005
600657
002320
000935
002617
600729
600782
600621
002145
601568
002221
002832
002131
002085
600572
002335
601778
603919
601869
002183
600548