600519
601398
601857
601288
601988
601628
600036
000858
600028
601318
600900
601138
601088
000333
000568
601166
601658
002415
002594
600309
600030
600809
601899
601816
600276
603288
601668
002475
601888
002352
000001
601012
601319
600000
601328
002304
000651
601601
601998
600406
603259
002142
601633
600104
600436
600887
600048
600050
601766
601390
600438
601225
002714
000725
600690
000063
002371
600031
601818
000002
601985
600016
600019
002230
601800
600150
601688
600025
601919
600018
603501
003816
002493
601186
000625
601211
600760
000166
600999
601728
600919
002129
000596
002027
603993
601006
600346
601066
000792
002050
001979
600585
002459
600989
601111
601989
600011
600893
000776
002466
000538
601169
600837
601336
000617
601100
600547
600886
601881
600111
002736
603195
600009
600845
000895
002179
603799
002920
600029
601238
601360
601229
601600
600958
600703
603392
600089
002311
000708
000938
601689
002049
601009
603659
600085
600188
600570
601669
601898
600660
000100
603369
601788
603260
600015
601698
600941
600905
601618
002812
000977
000301
002460
603986
000768
600426
600600
000963
600372
600674
600795
600588
603806
603019
601901
000338
600115
600023
600196
600039
600926
601377
600741
603833
601127
601865
601727
600010
600745
002271
600584
601877
600176
601916
601939
601021
002938
001965
603198
000661
000876
600221
600233
002648
600489
600938
601838
002241
000807
600061
000999
002709
601117
600522
601872
002252
002001
600027
000157
601699
600026
600702
601555
600415
000733
601018
600536
600256
002555
601808
000786
002180
600606
600754
600236
600160
600132
601878
603605
603345
600332
603486
002600
002236
002463
000800
002821
603899
603737
600460
600362
002410
601799
002032
601236
601108
601995
002945
600482
600161
603939
000066
600732
002916
000987
000988
601958
600515
000408
002602
601991
603885
000783
600219
002202
601607
002080
601216
601615
600183
600885
600487
600875
600765
002064
600705
601058
603596
603000
600383
603589
603290
002340
601966
000983
002007
600763
601155
600377
000423
603816
600378
600779
000629
000630
601077
601868
000728
000975
600862
000933
002074
601298
600109
601233
000069
002156
000799
601162
603444
601696
600157
603233
601990
600642
002603
600004
603786
603156
002939
601231
600079
600177
000932
603688
600918
000723
000027
002430
600118
000425
603868
000831
600096
002384
600517
002078
601933
002223
600663
600352
600418
600153
600298
002739
002372
600350
600968
600563
002294
002673
600398
601880
002120
601198
002028
603893
002422
601099
600066
603882
600369
002152
600985
603658
603568
600848
000883
600129
002185
000738
600546
601168
600871
002517
603338
600977
000021
600655
603606
600486
002841
002558
600497
600060
605499
603613
001872
603185
000009
301269
000729
600348
600390
601928
600637
601179
002056
600872
002797
002624
002368
600998
002608
600583
000703
601456
600549
600095
600521
601825
002601
600803
600873
600909
002414
000960
600518
600884
002244
600699
002444
600021
002532
002025
002044
601158
002625
002568
000785
002738
002299
002128
002508
600141
603728
002405
600170
600988
002966
600704
603160
600859
600598
600271
002926
603179
600516
601598
002531
603456
002472
600895
600559
000958
002429
000709
601858
600578
000898
000825
603305
600166
002500
603826
000959
000878
000519
002008
600675
603517
603298
601611
002465
000591
002203
601636
600038
600970
600582
600688
601399
000683
002240
002385
603730
600863
600329
603129
600143
600208
600707
002268
600258
601106
600566
601212
000750
600392
603077
000537
000818
601965
600339
002409
600733
000050
600100
600282
002153
002262
600827
600325
000400
600739
002281
600380
600098
600528
600008
603087
600299
000060
601228
002439
600499
603858
600673
601016
000893
000921
601098
600481
603707
601139
603712
002507
000998
600483
002607
601567
600685
600933
603927
600879
601000
002865
000860
000951
002756
002266
601866
603979
000686
601997
600498
002461
002557
002065
002423
000739
601118
002138
000623
002850
600816
002436
600535
603228
002389
600612
600839
601992
600007
601949
000997
002015
000513
600416
600056
600225
600131
002261
600820
000564
600562
000032
600867
603039
601019
600901
002176
600315
600956
600801
002353
601333
002497
603225
605358
600388
601128
002456
600295
600155
600633
000155
000937
002487
601828
600452
002229
002518
000553
002867
002092
000980
601717
600199
000539
603027
601900
002373
603650
000567
600737
002407
601666
002747
002408
603379
603279
601519
600511
002506
603997
601608
600399
600764
600959
600373
002195
000887
002761
000031
600500
600297
000563
601952
002670
600057
601577
002595
000039
002432
603127
000810
600363
002468
600808
603866
600062
600529
001914
603883
000636
301236
600072
603599
000688
002683
601801
603218
000627
600116
600580
603056
000028
002318
600022
600777
600641
600338
600266
002024
601882
000598
603355
000778
002698
002643
000516
600312
600711
603317
600761
603888
600967
600601
600316
600126
605117
600456
000762
603477
603678
603505
601326
002906
000967
601375
600755
002544
000877
002192
002936
601222
600771
601975
002273
000761
603033
600435
002541
000415
600597
601001
000543
002155
600167
600323
603876
000065
000559
000034
000547
000830
000402
603588
000089
600602
002010
600395
603236
002051
603733
000690
603043
000869
603638
603713
000970
002958
002705
002399
603515
002484
600120
601512
002837
002041
601677
600667
603025
603267
000581
000156
601369
603005
603083
601969
000930
002335
601005
600446
002511
002126
002847
605589
002145
601068
600657
002221
002030
002320
600864
600621
002617
002925
002832
002131
601869
000935
600782
601778
600572
600729
601568
002085
000712