000831
603355
000400
603444
600886
601801
002841
603025
000933
600612
601169
600004
002050
600674
601668
002399
600549
000034
600016
600418
601949
000921
002625
000930
600276
002051
600036
000651
601333
603179
601088
600166
002142
600522
000032
603129
002056
601611
601799
601021
601111
601222
603737
601211
603713
000333
603156
002340
601868
002508
601229
600309
002335
000591
002304
000581
002352
600377
600085
603305
002008
600761
600745
601019
600329
002131
603127
603019
600115
002601
600703
601600
000876
600219
002506
002126
601857
600547
600027
601058
002153
600511
601601
600406
603083
002460
600582
601933
603638
002444
600999
603290
600023
601577
603087
600633
601969
603043
600837
600958
000977
000938
603588
000423
600657
002202
600000
600395
600362
000636
601992
600764
002176
601567
601633
000725
000009
002261
600598
002281
002244
002821
000001
000785
000629
002074
601669
601998
601100
002938
601858
002092
002624
600373
600256
002041
000878
000960
600372
002595
600900
601001
603816
002408
603501
000733
603298
603986
600600
000999
601166
000617
600601
603882
603392
600039
000869
002466
002507
601952
600688
600690
000089
601179
601016
600884
600483
600332
000050
002475
600057
002266
002673
002648
601825
601009
002229
601989
000513
600938
601108
601398
000858
000155
600489
002439
002555
000538
600111
000988
600519
601018
601919
601225
600500
000338
600521
002027
000963
601808
002049
601288
600096
000761
600132
002044
000810
601658
002252
002185
600048
601298
601618
603939
600584
601816
600116
600323
601328
002594
000066
603888
601877
002736
601568
600157
603893
601939
600771
603233
002156
002747
000898
000800
600435
601872
000895
603000
600839
600739
000539
600905
601898
601127
002558
600887
002756
002511
000553
002155
002384
600487
600809
002568
601878
601326
603899
600131
600873
600062
600316
605358
002531
603288
600859
002179
000883
000060
603712
002698
000690
000543
000887
600183
000301
600673
000027
600602
600704
600015
601728
601880
603345
601800
601899
601869
002916
601128
601677
600350
603826
002683
002262
600089
600707
002311
601336
600380
000983
601818
600933
000661
600199
000935
600079
002936
600801
600298
600968
600663
601318
002353
600282
600919
002236
601598
600143
601928
600258
600667
601233
002001
002273
601068
600998
603259
600271
600416
600893
600535
601866
600536
002015
600346
002497
600188
603883
600871
603833
600570
600562
600029
600499
600529
002183
603369
603267
601988
001914
002761
600711
600895
002010
603568
000877
002410
000069
002268
002617
600845
601828
002867
600126
000559
600862
603077
600795
603033
600597
603979
002414
600481
600941
600460
002797
600879
600390
002436
601699
002430
603589
601117
601066
600061
600038
600956
600875
601991
000776
002541
600872
002007
600755
603733
600161
600388
000932
000967
601106
601717