600803
603613
600256
601336
600938
601900
000807
600406
600416
603486
600739
001872
603885
601788
603866
600170
601225
601699
603650
603290
603317
600548
000997
601568
600435
600039
600452
600129
600388
000783
603005
600801
601009
000960
601231
002832
600297
601857
000800
601229
600325
601952
600085
601158
601919
600022
000623
601068
601992
000878
002352
000547
002145
603899
600808
600517
601298
600026
600601
600398
600338
603659
600919
002065
002080
601288
600755
600015
002916
601989
600372
002203
603033
603000
002044
600583
600100
600859
603786
600415
600511
600578
000818
002484
601012
002736
002236
002739
000951
002180
603477
002241
600754
601991
000998
000963
002152
002202
002518
601106
600025
600705
601328
002268
600703
600098
000553
601669
600028
603444
002373
605358
600418
601939
000636
000009
000027
601318
603233
603605
603039
000987
601168
600959
603185
601901
002511
603678
000415
601018
002673
000089
600377
601019
002756
600166
002407
601377
000876
600233
601658
002532
600118
600795
600487
000538
600968
000778
000591
600346
601872
601868
601778
600008
600873
600771
600061
600373
600673
002439
000032
600489
601169
601988
600732
002463
600176
000792
002415
600482
600711
600584
002850
002414
002867
002408
601390
601016
601117
002120
600879
600438
002025
600089
600315
600036
603156
603087
601198
002008
000338
000729
002273
002049
601698
603179
002010
002714
301236
600021
000937
000066
601555
600362
600674
601398
601949
601166
002389
000630
600483
000688
601598
000738
600298
000400
000156
601212
603927
000825
601128
601636
600225
002456
601179
601360
600549
600380
603658
601958
600392
600316
002517
600863
603260
002747
002558
601058
000425
002183
600926
000930
002430
601066
600023
600597
000537
002078
002705
603888
600188
601618
603043
002032
002936
600390
600827
600559
002155
000683
000629
600779
002600
601818
002372
601607
603733
002841
002461
600529
603305
000921
601222
600271
601998
000690
600642
600958
002340
600007
600131
603338
000959
600116
600497
600546
002595
601098
601633
002195
002240
603882
002624
002465
603638
002459
600150
601881
002444
603883
603129
601006
603986
002001
600031
000810
000519
603501
002318
603993
000970
601728
601319
002131
600729
002423
600837
601326
603712
600516
600460
002761
603077
000001
600582
000869
603027
601858
603596
603345
600160
601111
600050
000543
601139
002299
000063
000895
601800
603979
002738
000157
000786
000898
600999
002460
002384
601211
002507
601088
603505
600352
600079
002271
002385
002368
000768
600339
600764
002737
600760
600998
600536
600905
600199
601997
605117
600132
600282
600900
002252
600761
000423
603392
600111
600196
600486
600820
002399
002410
600602
002015
600967
002945
002030
000516
601628
603858
601615
002966
600839
600481
603737
601888
002074
600704
600456
002353
600141
600276