600578
601111
601989
601068
600893
002025
603218
603893
603606
002414
600048
600489
600312
600153
600363
600004
000761
600329
600486
600096
600879
002372
603477
601012
600446
603259
600007
603939
002155
603885
000810
603596
000768
603997
600323
600998
603599
601021
002252
601333
603883
002916
600528
000980
600763
000818
601058
600373
603305
601975
600674
002737
002497
603160
000333
002080
600988
600066
603233
601019
601567
603444
600378
600072
600685
002624
601186
002444
002271
600707
002557
601949
600517
600511
000408
002739
000807
002180
603707
600867
000975
600338
002832
600166
002410
600038
600398
600863
600521
002531
002192
000921
600655
000750
000997
600801
600859
002015
600377
000156
601326
002126
600057
601512
002595
601858
000415
600580
601375
002518
603355
000933
002389
603236
000426
601966
002092
002240
601228
002203
002607
600372
002268
600563
600598
600968
600497
603799
600583
600150
000902
600808
600225
601555
002738
000039
601952
000423
002405
601155
600919
600383
600754
603345
000060
603005
601139
600601
601882
000630
002065
002865
601600
603185
603290
000400
000651
002311
000893
600782
601577
601965
000725
600938
600297
002032
600339
600839
601611
601615
000783
000728
002459
600380
601933
601677
600673
600933
603228
600061
601106
000830
600395
600027
601117
600100
000762
600487
600161
600435
002128
601231
601098
603025
002756
002436
600089
601778
601601
601212
002244
000738
000661
002939
002407
600060
000983
603027
000543
601216
600352
601857
002373
000627
601869
600584
600901
002506
002797
600111
600663
000938
000063
002385
000021
002131
003816
603456
601211
002236
000709
000425
601456
000998
601168
600585
000155
601298
600862
600500
600126
000932
000559
000878
002230
601607
002747
002078
601991
002195
002008
603712
601336
603517
600167
603816
002608
600887
002761
600039
600515
603659
600118
600029
000708
600021
600873
601238
600325
002484
601668
000963
000537
603033
600196
600547
600999
601990
600900
601162
600582
001979
600010
002487
601225
002837
002266
600771
002152
600028
600967
601669
002007
002603
603613
600871
600482
600483
600729
301236
601800
001914
600415
002617
002568
600157
601288
600141
600760
600079
600875
000553
600885
600299
601179
600600
600282
601169
002294
600588
600795
601636
601099
002138
002507
002409
601868
000778
601568
002541
600176
600271
600481
600015
603260
000958
603866
002601
600529
600642
601006
600905
600438
002432
603605
600733
601088
002262
000999
600258
600208
002850
601369
603501
600895
601816
600737
001872
601658
002318
601618
002056
002936
002399
600332
601992
000519
601666
603927
002202
002511
603039
600848
600985
600276
000623
603806
000598
000970
600765
000690
002500
002600
603876
600390
000785
603156
000967
601118
601916
002156
600918
002183
000034
601919
600456
600095
000776
600025
600177