000063
601966
601698
002261
000553
002461
002497
000519
601866
600372
600522
600732
600517
603515
603858
600705
002714
002415
601880
000983
000617
603185
600416
000729
601068
601231
002916
002294
600582
603236
002399
002747
600295
600435
600057
603833
600641
601636
601128
600885
603868
002756
601825
002064
603019
600009
600352
002625
002506
000768
600584
601238
603806
603195
601166
601117
002507
605117
002192
600871
601018
000876
600733
600487
600803
600498
000629
601009
000709
600845
600704
600763
002423
600985
603688
000636
600438
600377
600895
603816
601611
601900
600426
000155
002041
000951
600562
002074
601969
000810
002311
600737
600362
000930
000967
601666
002195
600600
002092
601888
601336
600131
002044
601882
601778
603613
603501
601567
600580
002049
000089
600741
002594
601186
600739
600873
002153
600000
002262
000157
600879
000001
600004
002617
000762
002832
601800
002568
002648
000825
603259
601001
002841
000567
600926
002493
600499
600118
600782
600702
600755
601088
601360
601933
600563
002015
601872
601998
605589
002920
603876
601598
600383
601658
600674
600036
600919
600500
600089
002389
600761
002475
601155
000898
600900
002487
000568
603279
601916
601989
000559
601100
603298
600967
600887
601058
605358
002056
000887
600100
603043
600031
600657
603317
002371
601601
601555
002821
603728
601717
600132
000069
600026
603605
600060
601222
600297
002608
000937
002466
603799
000959
600660
000027
600685
601975
000895
600363
600667
603733
002938
002812
002468
603899
600025
601012
002966
600309
600968
601298
600066
601399
002459
000625
002465
000060
600018
002463
000818
000591
002444
600711
600875
601997
600460
002304
600637
601179
603517
002925
000156
600779
600808
002837
600098
002683
601865
601607
601958
603027
603260
002736
002508
601727
603650
002936
600176
601077
002008
600038
600208
600707
000860
000627
600970
002472
002643
002202
603939
000792
002142
600271
601965
002120
603392
600884
002268
603305
000708
600690
002240
600862
000009
002456
603218
600256
000065
000581
600497
002138
600315
600839
600872
600266
000877
002025
600177
603267
601949
000738
000799
600771
601111
002384
601615
600699
002335
600008
002223
601519
002353
600027
000938
002738
000563
600959
600188
002179
002607
002010
601799
002532
600219
600350
603198
000998
600482
600115
002405
000935
600703
600863
603127
601877
601319
000878
002007
601000
601168
600104
600167
601668
000408
601919
600536
600418
603228
601369
600153
002230
600956
000785
601108
603568
601398
000028
002065
603927
600298
002531
002128
002460
601868
603893
000516
000830
002430
600893
002320
601225
600157
000960
000032
601628
002318
000958
000933
002557
601618
603288
600515
002050
600276
600225
601233
600323
601169
002906
001979
601818
601689
002152
000543
600348
600606
000002
000596
600010
601216
000539