000799
601211
002821
601878
601336
600390
601995
601658
600519
600999
601628
600837
600036
000935
000987
600329
000783
000958
601888
000623
000728
000028
600859
601377
601066
000568
001979
600061
600763
002926
000617
601601
000686
601816
601998
600958
600918
600755
002966
601901
600570
601236
600559
600867
002252
603927
002244
002475
600120
000858
000776
603185
601677
601933
600109
600621
601899
000009
002142
600517
002673
002797
601825
600398
601319
002271
601728
600739
603392
000651
603317
000002
601222
600511
000630
601696
601988
601100
600482
000860
603599
002557
600132
002294
600161
603868
601958
000166
000001
000807
600015
601168
603799
601568
601997
603883
002541
600028
600600
000563
603228
600153
603025
600760
603486
601688
002015
603039
603688
601198
601766
000596
002648
600879
000301
603737
600276
002180
000513
601369
601318
603733
600663
603658
000869
002508
601288
002030
002916
002736
601800
002032
000539
000661
603198
600873
601555
002408
603713
600019
600383
600325
002372
600155
601229
600000
603129
601238
603056
600007
601117
002500
002617
002007
601328
601881
000786
002466
000970
600779
600699
600436
002511
002607
002812
600332
600901
000825
002436
000733
600704
600741
000591
600418
603816
603505
603087
600941
601636
000338
603707
000738
000538
603833
002415
603605
600208
603233
603993
601577
600166
601166
600685
002001
601877
000810
603369
600056
600031
600674
002603
601158
603866
002236
002461
600703
603501
601598
601009
000792
002459
002223
600196
600460
002371
600104
000980
002240
000543
601216
601077
600298
601989
601398
000739
000069
601916
002025
603127
000516
603712
000402
000933
002595
600066
601567
600968
600016
600027
603338
601390
002044
002945
600380
603517
600765
601106
002600
002399
000831
603288
002085
000690
000581
003816
001914
601068
600771
002847
600483
601016
600673
000887
603568
000960
601618
600131
600160
000519
600233
002532
002507
600299
603986
000963
002761
600764
600030
600729
601838
600667
002850
600018
600733
002049
600970
600060
002179
301236
601139
600702
601975
600690
600025
000997
600884
002192
600801
001872
603650
301269
603730
601992
600803
601788
601212
603179
603077
600536
600909
600388
000750
600452
000065
002925
601018
601985
601186
601966
600176
000157
601088
601990
601127
600782
000932
603596
603345
600062
603260
000039
601818
002120
601869
600933
601005
601808
600582
601021
000800
601778
600535
600095
600328
600157
603876
002497
000729
600183
600655
600004
600023
600378
002318
601633
600606
600862
000553
600657
603939
600562
002389
000333
600392
603290
600295
000967
000031
601333
600219
603298
601607
002936
600039
601857
002608
603997
002410
600199
600079
601111
600705
600675
600021
600026
600598
000921
000725
000709
002841
600323
601169
603043
601155
002705
002460
000547
600115
600499
603638