600602
603606
600699
000333
002409
002335
002463
603882
601900
603997
000977
603000
601128
000778
603005
000627
603039
600977
601949
002281
002410
002156
600641
600707
601398
002698
601166
600416
600839
603568
603713
601816
603888
000887
601169
601778
600754
601399
000066
601988
601568
600809
002625
000032
002518
601127
600452
600601
600848
600580
002372
002617
002138
600519
600100
000567
600516
600771
600657
000708
600498
002945
002472
600584
000810
600517
601222
600398
600733
603927
301236
000723
600499
600258
002352
000938
600522
000625
600118
601939
000807
603019
600563
000063
000060
002739
002085
601009
002747
603233
002153
601636
603826
601229
002607
600548
603588
002007
601997
601633
002557
603444
002229
600633
603816
603156
000568
603596
002389
600000
000980
600885
600489
600166
600879
002299
600588
000591
000021
603730
002558
000877
603305
603228
600208
002304
601698
603728
600176
600663
600079
000959
000785
600116
002368
000636
002236
601318
002906
601668
000547
600761
600066
002761
601818
601825
002408
000425
601608
600711
603345
600161
002920
600233
600295
002311
002273
002131
002041
000963
601877
600764
002847
600655
603712
600729
002415
600057
002261
600536
000157
000970
002865
601456
000786
601100
002044
002050
002683
601179
600674
000069
601899
601998
601012
600392
601916
002958
002938
600104
603290
000883
002429
002080
600036
000997
002484
600547
600312
000001
001979
600299
600415
601689
002459
601727
603025
603505
002142
601838
600236
600323
000921
601328
603899
601766
601068
603027
002555
002373
600031
000825
002841
600732
600959
002065
603786
002475
000898
601658
002541
601319
600801
600487
002624
600018
600418
000519
600612
002508
603087
600887
603678
601799
002195
000400
000002
000034
600690
000960
603986
301269
601880
600585
000860
603279
601919
601717
601882
000768
002244
002074
002714
002506
600873
601933
000935
002241
002531
603127
000596
001914
600859
000895
601238
601828
600019
002051
601231
600143
000975
600884
000733
001872
601006
600872
600027
605358
600745
600167
600779
600867
000998
601117
600363
601965
002444
600025
002266
603501
002049
600329
600007
600039
600316
603659
600875
600765
000792
000050
601155
002223
000858
002648
000661
601618
600895
600637
600196
002008
600183
000581
002294
600808
002183
600199
600893
002271
002371
600048
600570
601390
002465
601018
603338
000009
002736
000338
002511
002600
601088
002436
600926
600177
002414
603267
002456
601216
600621
002221
600845
600688
002032
601106
600089
603939
600529
000513
002867
600438
600782
000690
600004
600660
600967
002568
600933
603160
002608
002439
002594
600919
600221
002268
002185
000415
600705
000951
600131
603517
601158
002837
603218
002385
000818
601628
002230
601333
603317
600373
601077
000932
600741
603260
002643
000800
600309
601369
603195
000027