603707
600225
000021
600079
600633
600595
002608
600820
002444
600547
002531
000988
600150
601799
002311
002517
600023
601900
601568
002906
603087
600116
000060
002463
002555
600038
600415
002558
600900
000032
002041
002049
600729
000688
002064
601928
600839
601965
600497
600685
601212
000519
000887
002010
000683
000938
000999
601567
603596
603338
601138
601698
603659
000034
002625
601018
002821
002624
603986
603355
601000
002176
603997
000951
000547
603218
002273
000733
605117
600295
301269
000537
000723
002617
601326
600498
603638
605589
603688
002459
000028
002240
002179
002506
600016
601989
603260
600346
600598
601825
002262
600004
000516
000050
601106
000762
002050
600875
600416
601006
601021
001965
600098
601866
600548
002056
600482
600667
600456
600399
601717
000063
600011
000878
600941
002185
002236
002865
000825
002518
000636
600562
600959
002595
600350
601228
000598
002180
600332
002422
601949
600372
002738
000591
601800
000066
603267
000513
600129
603678
600760
600166
000410
601958
000893
002841
002318
600131
605358
000415
600111
600933
002145
000998
600338
601858
601689
000768
603444
000975
603456
000831
601969
603605
603606
603876
002456
002432
601611
002850
000690
002384
003816
000581
601098
000738
600100
605499
600988
000629
601952
600956
002183
001872
000703
601068
600388
600580
002153
002541
000830
601369
603882
601728
600884
002385
600765
601880
600460
603392
600062
002460
601360
603305
002320
000553
601933
601975
603127
603515
603005
600602
000089
000538
600096
000708
002414
600373
002408
601966
600862
002916
600395
600938
600050
600968
600885
600905
000921
002600
002410
002461
600452
600352
600967
002466
002532
000301
600674
600703
601016
000543
603083
603733
000425
601816
600583
600348
002001
601801
600118
002195
601727
600183
002203
600089
002430
002202
600021
600582
600018
600529
600157
600795
000970
603056
600143
600761
000725
600489
000661
600398
600406
002340
600316
600177
600528
601088
002714
600258
600323
603043
002761
601991
600642
603025
601225
600219
600893
603713
002407
002281
601328
000338
002368
603568
601118
600733
000155
002683
601158
000792
002155
000963
000930
002436
000778
603228
601233
600879
601229
600141
603019
000883
600711
600188
600500
601100
600487
600115
600673
601869
000559
601666
002439
600057
002468
002015
601607
600704
002544
600871
600233
600483
000937
603236
600025
603730
601872
603712
600271
002138
002044
601766
600039
600276
000810
600637
600516
603658
600104
600563
002373
601169
600328
603728
600688
600732
000876
600998
002268
600056
603279
600535
000800
600256
600601
600549
002594
600873
002756
601139
601012
002493
601298
603100
000983
603027
000785
002065
603379
601919
600029
000400
000959
600008
600236
600026
002648
600392
600161
000651
600863
002429
600028
601608
600170
600499
002299
000630