000988
601788
601900
603000
601236
002670
002261
002281
600633
601928
601949
002739
601456
600583
601857
000977
600339
600155
600373
000415
601519
603613
600760
601858
601555
600498
002032
002568
000712
600129
601162
000032
600919
603019
600009
002558
301236
601139
600399
603737
000999
000951
002906
000762
600699
000733
002051
601098
600363
600095
000807
603515
603477
603876
002025
603444
600066
603456
002624
002439
601138
603236
601005
603888
002920
600703
002541
600325
601901
000538
603129
600764
002027
600157
002761
002508
002555
000028
002409
002407
601225
603939
000703
601607
600100
000938
601198
000960
603505
601231
600941
603997
605117
002335
600602
002030
600183
002444
603728
601801
600435
603305
603707
600199
603392
603338
000021
600188
000651
600761
600131
002371
601360
002517
603589
601799
600026
603228
600416
000810
600803
002472
002373
600511
001914
002832
600369
002463
601898
000063
600332
600007
600377
601633
000778
601881
600968
600675
601512
600989
603005
600256
600031
600895
600536
002837
603730
000031
002236
600570
600845
601058
000066
002044
600529
600547
603826
600348
002410
603025
601018
002466
001965
600641
603259
002399
002847
002179
000729
603486
002131
600166
600208
605499
000739
601878
002797
600085
600446
601728
000065
600522
002299
601377
600601
603885
600312
600258
002180
601016
600584
002156
600765
603927
600660
600873
600956
600350
600886
601865
600688
002120
600998
603087
601099
600705
002203
600329
000786
000423
601233
600489
600862
000690
600483
600225
000425
601825
600739
603712
002821
601066
603198
600299
002294
000921
000937
000776
002459
600515
000402
600516
603185
002368
600418
000887
600089
600487
601699
000627
000983
600196
600323
002152
603882
600025
002229
603127
000998
601677
002353
603056
002273
000750
601958
600062
002155
603588
603606
600985
600056
002138
000089
600637
002432
603033
601816
603156
603225
002271
600028
000997
002195
000963
600535
002698
600338
600598
601985
000060
002865
600859
002050
600777
002244
600096
002683
600546
603379
000723
600977
600160
603868
002460
603883
002484
000895
601212
600795
002648
601019
002268
600452
600297
000617
600072
000598
603179
002841
600918
603899
002738
002673
000799
000039
002221
603858
601952
000725
600871
601108
601155
601717
601990
600938
002192
600150
600109
600827
600219
600456
600559
002500
000563
002939
601158
000155
601919
600562
600674
601866
601068
600372
603713
000426
002497
002240
600958
000893
600282
600905
000831
000800
000581
600754
002945
601298
000543
603043
603160
002320
603195
000002
600023
002176
000686
002747
601106
002241
603599
002262
600388
600021
600426
603986
601333
002602
603039
002867
600673
601933
601568
000818
000987
601991
002595
600030
600499
600236
601127
601975
000050
002518
002617
600909
000902
000516
601326
600266
002415