600266
603688
600031
600026
603345
600072
002603
002475
603477
000933
601598
002422
600160
600150
000738
603866
601212
000708
002460
002906
002318
600598
603369
603288
002847
600225
603195
600675
600276
600346
002739
002608
600415
600348
600329
601919
000661
605117
603290
600801
600685
601857
600998
603606
002262
603127
600056
000333
601117
603993
600737
600771
600436
603225
605499
603355
601225
000858
600029
600597
603027
600977
601899
603505
600085
002938
600004
603816
600547
603129
000683
000032
600519
000516
600325
000001
000975
000547
601399
600641
603659
002185
002008
002841
601766
002152
600872
601900
603786
603737
002821
600298
002507
603599
000538
600339
600258
603833
600535
000537
601699
000596
601138
600760
000559
601231
000983
000980
002541
601888
601128
002092
603568
000028
600795
600167
601698
603658
600482
002511
603260
600062
000876
002044
603806
000725
002389
603077
601098
600985
600511
601233
002405
601800
600688
000651
600428
601019
603882
600489
601615
002444
002484
600803
600612
600007
603596
000338
601633
000591
000792
002466
002683
000553
600115
601882
000425
002468
600373
600867
603185
601689
002202
600219
601216
600562
603588
600522
002385
601607
601106
603100
002493
601600
600732
002236
002459
601238
600372
000786
600038
600295
000810
002176
601186
601568
603218
002010
601166
600332
600460
002142
601127
002373
002601
601989
600549
600406
002867
601801
600763
601966
600009
603883
002372
600104
000825
600050
603885
600905
600499
002456
600879
002049
600060
002179
600299
603986
002508
600926
600764
600132
002074
600016
002415
603267
002705
002064
600392
600118
002850
000893
002648
002183
600233
600131
600988
002409
000951
601068
601111
000739
600741
600859
600729
601333
601778
600572
600483
600048
000400
000519
601118
600765
600316
600862
600188
600582
601838
002384
603305
600873
600875
601179
000415
000938
000869
000630
601016
600380
600036
600271
600481
600702
600707
002517
000830
601336
601369
000768
000408
000895
600660
600328
002030
600452
600580
000807
600585
601916
000709
601058
002698
600039
603733
603997
600887
301236
002414
601021
601949
002223
002812
603039
000157
600516
603228
603083
000932
000937
600256
600989
002461
605589
002761
600388
002607
600096
601077
603899
000887
000963
002041
601666
600497
601318
603707
002709
600315
002738
000063
000930
002407
603713
601636
601222
001914
002304
002007
601728
601952
000723
000050
600170
603160
002557
603456
601688
603589
002027
601009
600559
601858
002408
600418
000567
600019
600362
601985
601668
600111
600588
002340
601865
600674
600416
600845
002353
002714
603379
601100
600021
603236
002432
600100
000009
605358
600166
601000
000636
601006
002271
001965
601390
002273
600161
601869
601868
603876
601001
000021
000729
600057
601611
000627
002531
603730
601958
601669
603043